4.072128 
3.527309 
3.208747 
3.018842 
2.866119 
2.745651 
2.634178 
2.532746 
2.436289 
2.356256 
2.277619 
2.201205 
2.126439 
2.058770 
1.993668 
1.932136 
1.872281 
1.818169 
1.764439 
1.710847 
1.657157 
1.602945 
1.549999 
1.502426 
1.457652 
1.413911 
1.372974 
1.334258 
1.293590 
1.254064 
1.212884 
1.170999 
1.129053 
1.090843 
1.051959 
1.012993 
0.971897 
0.930953 
0.890893 
0.851795 
0.814744 
0.778436 
0.740768 
0.703590 
0.666714 
0.630988 
0.594547 
0.558510 
0.522877 
0.488673 
0.455571 
0.421771 
0.387007 
0.354811 
0.321472 
0.289106 
0.257787 
0.226002 
0.194459 
0.161636 
0.128270 
0.096032 
0.062973 
0.029509 
-0.003307 
-0.036339 
-0.069195 
-0.102221 
-0.136715 
-0.172406 
-0.206013 
-0.239344 
-0.273756 
-0.307247 
-0.340468 
-0.373903 
-0.407344 
-0.442434 
-0.477056 
-0.511305 
-0.546040 
-0.582216 
-0.618103 
-0.652733 
-0.689684 
-0.725593 
-0.761012 
-0.796140 
-0.830745 
-0.867113 
-0.904776 
-0.940256 
-1.088957 
-1.051171 
-1.015013 
-0.977014 
-3.877060 
-3.526236 
-3.241508 
-3.043734 
-2.885300 
-2.758410 
-2.629184 
-2.518353 
-2.422149 
-2.334011 
-2.250294 
-2.174996 
-2.101824 
-2.031850 
-1.967683 
-1.908671 
-1.852325 
-1.798705 
-1.743338 
-1.688966 
-1.636140 
-1.581592 
-1.527095 
-1.478092 
-1.429772 
-1.383593 
-1.337964 
-1.295286 
-1.252854 
-1.211736 
-1.169387 
-1.128417 
