4.641906 
4.641900 
4.229977 
4.217015 
3.981164 
3.876741 
3.759217 
3.759212 
3.655920 
3.637774 
3.614134 
3.573558 
3.526478 
3.479692 
3.432827 
3.399962 
3.341243 
3.312289 
3.268698 
3.236578 
3.214004 
3.187438 
3.162472 
3.134476 
3.108743 
3.085311 
3.068354 
3.045047 
3.015570 
2.993057 
2.973028 
2.955262 
2.930485 
2.917762 
2.898323 
2.879541 
2.858899 
2.840831 
2.822378 
2.805537 
2.788399 
2.772563 
2.761890 
2.751143 
2.735258 
2.720673 
2.707025 
2.695010 
2.677821 
2.662188 
2.645768 
2.634230 
2.620595 
2.608973 
2.594402 
2.583836 
2.574026 
2.563917 
2.549932 
2.537714 
2.524610 
2.511849 
2.498261 
2.489665 
2.478894 
2.466331 
2.448620 
2.438371 
2.428566 
2.417373 
2.406820 
2.397445 
2.386507 
2.375851 
2.365803 
2.356727 
2.344599 
2.332846 
2.322609 
2.313085 
2.302244 
2.292758 
2.284395 
2.276755 
2.266459 
2.261161 
2.251863 
2.243536 
2.232673 
2.224437 
2.215753 
2.206061 
2.195741 
2.184676 
2.173539 
2.164180 
2.155210 
2.146734 
2.137431 
2.130666 
2.121044 
2.112800 
2.103390 
2.095191 
2.087247 
2.080090 
2.073454 
2.064695 
2.053379 
2.044728 
2.038973 
2.030906 
2.023079 
2.014051 
2.004166 
1.996176 
1.987757 
1.980726 
1.973533 
1.966716 
1.958877 
1.951072 
1.943412 
1.935255 
1.927563 
1.920055 
1.913805 
1.905639 
1.898648 
1.891930 
1.884361 
1.875901 
1.869794 
1.863451 
1.857045 
1.850913 
1.842886 
1.835764 
1.828493 
1.820807 
1.812873 
1.805269 
1.798042 
1.791319 
1.784357 
1.777284 
1.771046 
1.765087 
1.758826 
1.752115 
1.745612 
1.738646 
1.731742 
1.726645 
1.721102 
1.714705 
1.707458 
1.700320 
1.693789 
1.687310 
1.680411 
1.674115 
1.667024 
1.658695 
1.651195 
1.644819 
1.639196 
1.632389 
1.624303 
1.618173 
1.611390 
1.605729 
1.598658 
1.591949 
1.584168 
1.577614 
1.571090 
1.564985 
1.559314 
1.552650 
1.546801 
1.540419 
1.534487 
1.528975 
1.522235 
1.517078 
1.511210 
1.505578 
1.499680 
1.494264 
1.488859 
1.483574 
1.477373 
1.471254 
1.465234 
1.459966 
1.454328 
1.448787 
1.444021 
1.438602 
1.432888 
1.427485 
1.422239 
1.417066 
1.412168 
1.407219 
1.401957 
1.397265 
1.391812 
1.386518 
1.381370 
1.376660 
1.371877 
1.366952 
1.361819 
1.356763 
1.352230 
1.347978 
1.343296 
1.338238 
1.332620 
1.327670 
1.323179 
1.318534 
1.312814 
1.307534 
1.302451 
1.296774 
1.291100 
1.285702 
1.280451 
1.275518 
1.270143 
1.265915 
1.261315 
1.256162 
1.250944 
1.245729 
1.240690 
1.235443 
1.230697 
1.226361 
1.221524 
1.215235 
1.209884 
1.204220 
1.199411 
1.194818 
1.189918 
1.184992 
1.180187 
1.174694 
1.169551 
1.164069 
1.158978 
1.153764 
1.148558 
1.142983 
1.137210 
1.131506 
1.126626 
1.121741 
1.117244 
1.112423 
1.107157 
1.102580 
1.097748 
1.092362 
1.087089 
1.081503 
1.075878 
1.071441 
1.066561 
1.061419 
1.056942 
1.052469 
1.048173 
1.043471 
1.038652 
1.033712 
1.028656 
1.024119 
1.019448 
1.014586 
1.010046 
1.005641 
1.000660 
0.995768 
0.990295 
0.985074 
0.980042 
0.975036 
0.969900 
0.965270 
0.960332 
0.955292 
0.949851 
0.944547 
0.939075 
0.934161 
0.929532 
0.924750 
0.918943 
0.914617 
0.909947 
0.905176 
0.900263 
0.895186 
0.890008 
0.884704 
0.879562 
0.874981 
0.869619 
0.864361 
0.859860 
0.855363 
0.850274 
0.844966 
0.840049 
0.835373 
0.830402 
0.825782 
0.821398 
0.817070 
0.812275 
0.807729 
0.803701 
0.799126 
0.794392 
0.789410 
0.784553 
0.779342 
0.774386 
0.769762 
0.765135 
0.760290 
0.755017 
0.750072 
0.745131 
0.740520 
0.735636 
0.730715 
0.725844 
0.721692 
0.717478 
0.713070 
0.708970 
0.704718 
0.700196 
0.695714 
0.691410 
0.687644 
0.682880 
0.678221 
0.673691 
0.669135 
0.664472 
0.659931 
0.655374 
0.651010 
0.646577 
0.641679 
0.637128 
0.632941 
0.628590 
0.624190 
0.619728 
0.615379 
0.611058 
0.606942 
0.602509 
0.597977 
0.592668 
0.588201 
0.583900 
0.579697 
0.574870 
0.570285 
0.565905 
0.561403 
0.556643 
0.551985 
0.547145 
0.542770 
0.538182 
0.533489 
0.528388 
0.523747 
0.519212 
0.515241 
0.510973 
0.506673 
0.502445 
0.498676 
0.495054 
0.490983 
0.486858 
0.482699 
0.478434 
0.474469 
0.470486 
0.466618 
0.462554 
0.458086 
0.453426 
0.448925 
0.444494 
0.439977 
0.435520 
0.431612 
0.427607 
0.424129 
0.420177 
0.416187 
0.411678 
0.407105 
0.402731 
0.398498 
0.394107 
0.390037 
0.386301 
0.382201 
0.377821 
0.374055 
0.370007 
0.366244 
0.361739 
0.357607 
0.353249 
0.349308 
0.345068 
0.340559 
0.336608 
0.332359 
0.328243 
0.324038 
0.319775 
0.315677 
0.311896 
0.307799 
0.304007 
0.299977 
0.295837 
0.291867 
0.287587 
0.283639 
0.279566 
0.275356 
0.271011 
0.266687 
0.263021 
0.259122 
0.254851 
0.251220 
0.247312 
0.243636 
0.239499 
0.235381 
0.231687 
0.227714 
0.223726 
0.219705 
0.215843 
0.211819 
0.207580 
0.203941 
0.200441 
0.196579 
0.192669 
0.188506 
0.184068 
0.179560 
0.175556 
0.171790 
0.167854 
0.163607 
0.159090 
0.155121 
0.151273 
0.147109 
0.142765 
0.138279 
0.134095 
0.129890 
0.125402 
0.121831 
0.117791 
0.113873 
0.110052 
0.105877 
0.101419 
0.097020 
0.092517 
0.088462 
0.084491 
0.080132 
0.075878 
0.071438 
0.066837 
0.062563 
0.058037 
0.053616 
0.049064 
0.045012 
0.040830 
0.037094 
0.033430 
0.029701 
0.026010 
0.021742 
0.017675 
0.013949 
0.009959 
0.006287 
0.002846 
-0.001110 
-0.005273 
-0.009376 
-0.013659 
-0.017763 
-0.021827 
-0.026008 
-0.030219 
-0.034439 
-0.038645 
-0.042660 
-0.046502 
-0.050582 
-0.055004 
-0.059081 
-0.063670 
-0.068394 
-0.072532 
-0.076789 
-0.081055 
-0.085777 
-0.090345 
-0.094346 
-0.098398 
-0.102247 
-0.106483 
-0.110590 
-0.115047 
-0.119667 
-0.124270 
-0.128506 
-0.133093 
-0.137364 
-0.141688 
-0.146044 
-0.150574 
-0.154472 
-0.158709 
-0.162667 
-0.166420 
-0.170478 
-0.174310 
-0.178200 
-0.181931 
-0.186021 
-0.190914 
-0.195169 
-0.199558 
-0.203820 
-0.208316 
-0.212694 
-0.217161 
-0.221844 
-0.226104 
-0.229876 
-0.234423 
-0.238825 
-0.242751 
-0.246900 
-0.250950 
-0.255476 
-0.259589 
-0.263718 
-0.268189 
-0.272074 
-0.275864 
-0.279891 
-0.283907 
-0.287906 
-0.292139 
-0.296125 
-0.300219 
-0.304507 
-0.308624 
-0.312585 
-0.317141 
-0.321228 
-0.325532 
-0.329715 
-0.333796 
-0.338010 
-0.341832 
-0.345683 
-0.349884 
-0.354342 
-0.359132 
-0.363026 
-0.367029 
-0.371044 
-0.374904 
-0.378832 
-0.383343 
-0.387820 
-0.392107 
-0.396256 
-0.400351 
-0.404767 
-0.409098 
-0.413361 
-0.418112 
-0.422277 
-0.426853 
-0.431143 
-0.435387 
-0.439806 
-0.444409 
-0.448643 
-0.452833 
-0.457371 
-0.461753 
-0.466260 
-0.470792 
-0.475499 
-0.479678 
-0.483801 
-0.487837 
-0.491803 
-0.495435 
-0.499672 
-0.504246 
-0.508997 
-0.513651 
-0.518083 
-0.522248 
-0.526519 
-0.531263 
-0.535328 
-0.539804 
-0.543851 
-0.547790 
-0.552012 
-0.556340 
-0.560832 
-0.565433 
-0.570083 
-0.574614 
-0.579492 
-0.584783 
-0.589546 
-0.593803 
-0.598000 
-0.602291 
-0.606497 
-0.610777 
-0.615300 
-0.620207 
-0.624651 
-0.628922 
-0.633489 
-0.638275 
-0.642376 
-0.646226 
-0.649964 
-0.654397 
-0.659129 
-0.663847 
-0.668407 
-0.673718 
-0.678325 
-0.682629 
-0.687004 
-0.691512 
-0.696112 
-0.700175 
-0.704493 
-0.709025 
-0.713327 
-0.717650 
-0.721753 
-0.726090 
-0.730794 
-0.734837 
-0.738688 
-0.743295 
-0.748202 
-0.753065 
-0.757500 
-0.762182 
-0.766870 
-0.771595 
-0.775753 
-0.780093 
-0.784043 
-0.788287 
-0.792905 
-0.797658 
-0.802100 
-0.806819 
-0.811373 
-0.815537 
-0.819859 
-0.824428 
-0.828698 
-0.833053 
-0.837215 
-0.841648 
-0.846130 
-0.851010 
-0.855671 
-0.860394 
-0.864719 
-0.868967 
-0.873620 
-0.878515 
-0.882740 
-0.887133 
-0.891081 
-0.895339 
-0.899531 
-0.904410 
-0.908974 
-0.913605 
-0.918377 
-0.923269 
-0.928130 
-0.933104 
-0.937836 
-0.942584 
-0.946886 
-0.951141 
-0.956036 
-1.105351 
-1.099913 
-1.094504 
-1.089818 
-1.084420 
-1.079607 
-1.074600 
-1.069708 
-1.031864 
-1.035608 
-1.038991 
-1.043695 
-1.048851 
-1.053327 
-1.064348 
-1.058795 
-1.010733 
-1.006992 
-1.003083 
-0.998918 
-1.023159 
-1.027994 
-1.014614 
-1.018684 
-0.994613 
-0.990405 
-0.985713 
-0.980413 
-0.961246 
-0.966335 
-0.975614 
-0.971382 
-4.101136 
-4.047062 
-4.003348 
-3.909424 
-3.853436 
-3.809408 
-3.778591 
-3.741205 
-3.635260 
-3.593300 
-3.565384 
-3.530890 
-3.460058 
-3.434683 
-3.409604 
-3.372265 
-3.338896 
-3.317208 
-3.287414 
-3.265023 
-3.218842 
-3.195331 
-3.181001 
-3.155785 
-3.129955 
-3.108873 
-3.083351 
-3.060113 
-3.035125 
-3.018758 
-2.995596 
-2.976848 
-2.953213 
-2.934672 
-2.915311 
-2.898336 
-2.874437 
-2.857315 
-2.841081 
-2.825687 
-2.810811 
-2.796092 
-2.783241 
-2.771470 
-2.755964 
-2.740087 
-2.722829 
-2.704978 
-2.687201 
-2.671430 
-2.656580 
-2.641291 
-2.624678 
-2.608196 
-2.594144 
-2.578871 
-2.562231 
-2.549671 
-2.537216 
-2.523052 
-2.511274 
-2.497799 
-2.486981 
-2.474867 
-2.459265 
-2.446785 
-2.434817 
-2.425426 
-2.414334 
-2.404368 
-2.394277 
-2.383708 
-2.372102 
-2.362966 
-2.351653 
-2.340384 
-2.325994 
-2.316725 
-2.306985 
-2.298037 
-2.287030 
-2.277505 
-2.267511 
-2.257203 
-2.246884 
-2.237090 
-2.227229 
-2.217271 
-2.205287 
-2.194453 
-2.184353 
-2.175254 
-2.166312 
-2.157259 
-2.148532 
-2.139514 
-2.131049 
-2.123421 
-2.113045 
-2.103725 
-2.094620 
-2.086257 
-2.077167 
-2.068465 
-2.059898 
-2.051558 
-2.042318 
-2.034321 
-2.026684 
-2.018259 
-2.009105 
-2.001064 
-1.991995 
-1.984831 
-1.976215 
-1.968972 
-1.962330 
-1.955245 
-1.947825 
-1.941933 
-1.935318 
-1.927999 
-1.919279 
-1.910857 
-1.902750 
-1.896816 
-1.890728 
-1.884259 
-1.877423 
-1.870242 
-1.862627 
-1.855965 
-1.848770 
-1.841433 
-1.834444 
-1.828252 
-1.821545 
-1.814636 
-1.808635 
-1.801078 
-1.793469 
-1.787484 
-1.780326 
-1.772651 
-1.765279 
-1.759275 
-1.753156 
-1.747359 
-1.740160 
-1.734096 
-1.727251 
-1.719966 
-1.713036 
-1.707987 
-1.701477 
-1.695664 
-1.688923 
-1.682396 
-1.675281 
-1.668655 
-1.660704 
-1.654010 
-1.647166 
-1.639928 
-1.633388 
-1.626330 
-1.620135 
-1.613345 
-1.605151 
-1.596660 
-1.589326 
-1.582947 
-1.576255 
-1.569798 
-1.562722 
-1.556576 
-1.550767 
-1.543909 
-1.538025 
-1.532164 
-1.526019 
-1.519368 
-1.512939 
-1.506426 
-1.500474 
-1.494152 
-1.486956 
-1.480122 
-1.473996 
-1.467996 
-1.462397 
-1.456811 
-1.450354 
-1.443912 
-1.437834 
-1.432429 
-1.426748 
-1.420655 
-1.414716 
-1.409193 
-1.403234 
-1.397905 
-1.392110 
-1.386211 
-1.380647 
-1.375446 
-1.370446 
-1.364502 
-1.358795 
-1.352806 
-1.347120 
-1.341728 
-1.335499 
-1.329933 
-1.324011 
-1.318641 
-1.312826 
-1.306922 
-1.301484 
-1.297193 
-1.292308 
-1.287455 
-1.281986 
-1.277191 
-1.271466 
-1.266657 
-1.261366 
-1.255841 
-1.249992 
-1.244632 
-1.239533 
-1.234649 
-1.229647 
-1.224584 
-1.219471 
-1.214094 
-1.208778 
-1.203024 
-1.197903 
-1.192708 
-1.186994 
-1.182007 
-1.176348 
-1.171183 
-1.166350 
-1.161191 
-1.156962 
-1.152754 
-1.147830 
-1.141974 
-1.136120 
-1.131096 
-1.126104 
-1.120795 
-1.115802 
-1.110453 
