4.641912 
4.641900 
4.641906 
4.641894 
4.229977 
4.229972 
4.217015 
4.217010 
3.981164 
3.981159 
3.882737 
3.858754 
3.759222 
3.759212 
3.759217 
3.759207 
3.659635 
3.654062 
3.637774 
3.637769 
3.616806 
3.608791 
3.583479 
3.563638 
3.530565 
3.520349 
3.481527 
3.477858 
3.440147 
3.421846 
3.408777 
3.391148 
3.344246 
3.332235 
3.318851 
3.305727 
3.278932 
3.261876 
3.244065 
3.232835 
3.218154 
3.201295 
3.192174 
3.179040 
3.168381 
3.150654 
3.137044 
3.126771 
3.113208 
3.102791 
3.089371 
3.082265 
3.070613 
3.064589 
3.052899 
3.041121 
3.021373 
3.010733 
2.996382 
2.987060 
2.974405 
2.969928 
2.958636 
2.949358 
2.935326 
2.928193 
2.923768 
2.914380 
2.903716 
2.893828 
2.886911 
2.875119 
2.862549 
2.855250 
2.846058 
2.836649 
2.826490 
2.818266 
2.808990 
2.799543 
2.788778 
2.782435 
2.777305 
2.770667 
2.764015 
2.759339 
2.753681 
2.748605 
2.737538 
2.731079 
2.723695 
2.717652 
2.709988 
2.704061 
2.697833 
2.690776 
2.680634 
2.670322 
2.663336 
2.658106 
2.648574 
2.643431 
2.636620 
2.630945 
2.623143 
2.617684 
2.612048 
2.606282 
2.597526 
2.591902 
2.585799 
2.581593 
2.576610 
2.571765 
2.566401 
2.561078 
2.552351 
2.545200 
2.540640 
2.534251 
2.526770 
2.520907 
2.514912 
2.509092 
2.499643 
2.495497 
2.491652 
2.487456 
2.480307 
2.475835 
2.469075 
2.461668 
2.454137 
2.447497 
2.442315 
2.437113 
2.430083 
2.425748 
2.419372 
2.413947 
2.409346 
2.403788 
2.399244 
2.394664 
2.389371 
2.383847 
2.378156 
2.373547 
2.368407 
2.364315 
2.359085 
2.354509 
2.347715 
2.342068 
2.336101 
2.330754 
2.325215 
2.320194 
2.315982 
2.310850 
2.304807 
2.300482 
2.294838 
2.290504 
2.287247 
2.282791 
2.278248 
2.274110 
2.271073 
2.265281 
2.262157 
2.258320 
2.253841 
2.249387 
2.245474 
2.241597 
2.234710 
2.230303 
2.226047 
2.222073 
2.218247 
2.213112 
2.208445 
2.203677 
2.198534 
2.192948 
2.187603 
2.182189 
2.176263 
2.171527 
2.166088 
2.161863 
2.157263 
2.153157 
2.148953 
2.144266 
2.138951 
2.136317 
2.132481 
2.128246 
2.123243 
2.118846 
2.114667 
2.110934 
2.105403 
2.101979 
2.097858 
2.093148 
2.088620 
2.086036 
2.082036 
2.078136 
2.075304 
2.071604 
2.066624 
2.061694 
2.056633 
2.051520 
2.047242 
2.043243 
2.040066 
2.036968 
2.032710 
2.028903 
2.024203 
2.020832 
2.016004 
2.011863 
2.006259 
2.002073 
1.998153 
1.994110 
1.990195 
1.986432 
1.983267 
1.979455 
1.975563 
1.971680 
1.968521 
1.964710 
1.960482 
1.956737 
1.952887 
1.949194 
1.945080 
1.941042 
1.937544 
1.933364 
1.929491 
1.925150 
1.921840 
1.918566 
1.915519 
1.912875 
1.907845 
1.903692 
1.899796 
1.897107 
1.893653 
1.889920 
1.886358 
1.882917 
1.877900 
1.874770 
1.871186 
1.868282 
1.864643 
1.861724 
1.858656 
1.855578 
1.852920 
1.849769 
1.845852 
1.842071 
1.838160 
1.834331 
1.830378 
1.826682 
1.822594 
1.818957 
1.814838 
1.810751 
1.807450 
1.803793 
1.799889 
1.796298 
1.793341 
1.789824 
1.785848 
1.782875 
1.779943 
1.776117 
1.772568 
1.769090 
1.766265 
1.763588 
1.760431 
1.756888 
1.753900 
1.750567 
1.747357 
1.743710 
1.739841 
1.736285 
1.732721 
1.730482 
1.727952 
1.725628 
1.722376 
1.719244 
1.716121 
1.712309 
1.708984 
1.705395 
1.701653 
1.698513 
1.694705 
1.691568 
1.688878 
1.685312 
1.681655 
1.678542 
1.675002 
1.670886 
1.667550 
1.663729 
1.660343 
1.657001 
1.652906 
1.649786 
1.646861 
1.643566 
1.640295 
1.637387 
1.634272 
1.630173 
1.626230 
1.622725 
1.619359 
1.616429 
1.613477 
1.610240 
1.607472 
1.604098 
1.600344 
1.596765 
1.593603 
1.590374 
1.585956 
1.582282 
1.578992 
1.576045 
1.572520 
1.569289 
1.566630 
1.563528 
1.560576 
1.557880 
1.554010 
1.551084 
1.548064 
1.545487 
1.541857 
1.539186 
1.536576 
1.533085 
1.530316 
1.527427 
1.523621 
1.520301 
1.517985 
1.515074 
1.512604 
1.509891 
1.507090 
1.504065 
1.501198 
1.498203 
1.495536 
1.493087 
1.490021 
1.487541 
1.485145 
1.482267 
1.479147 
1.476118 
1.472706 
1.469844 
1.466503 
1.464000 
1.461236 
1.458360 
1.455470 
1.452943 
1.449906 
1.447601 
1.445244 
1.442861 
1.439948 
1.437387 
1.434483 
1.431941 
1.429243 
1.426155 
1.423588 
1.421398 
1.418272 
1.415702 
1.413397 
1.411110 
1.408477 
1.406055 
1.403421 
1.400980 
1.398452 
1.396139 
1.393117 
1.390243 
1.387506 
1.385121 
1.382626 
1.380340 
1.377713 
1.375396 
1.372818 
1.370644 
1.368207 
1.365776 
1.362918 
1.360634 
1.357905 
1.355787 
1.353506 
1.351460 
1.349431 
1.347229 
1.345158 
1.342608 
1.339515 
1.337035 
1.333928 
1.331363 
1.328797 
1.326681 
1.324158 
1.321978 
1.319781 
1.317319 
1.314036 
1.311473 
1.309054 
1.306448 
1.303640 
1.301218 
1.298271 
1.295535 
1.292480 
1.289796 
1.287123 
1.284480 
1.281607 
1.279317 
1.276732 
1.273853 
1.271181 
1.268949 
1.266886 
1.264872 
1.262507 
1.259925 
1.257416 
1.254879 
1.251897 
1.249553 
1.247110 
1.244964 
1.242582 
1.239831 
1.236773 
1.233945 
1.231288 
1.229457 
1.227493 
1.225455 
1.222767 
1.220127 
1.217540 
1.214841 
1.211971 
1.208803 
1.205643 
1.202866 
1.200264 
1.198207 
1.195906 
1.193681 
1.191195 
1.188914 
1.186085 
1.183853 
1.181265 
1.178995 
1.176066 
1.173297 
1.170668 
1.168494 
1.165825 
1.162664 
1.160006 
1.157889 
1.154881 
1.152185 
1.149654 
1.147516 
1.144612 
1.141859 
1.138825 
1.135776 
1.132620 
1.130342 
1.127925 
1.125397 
1.122993 
1.120683 
1.118350 
1.116140 
1.113751 
1.110711 
1.108297 
1.105767 
1.103758 
1.101426 
1.098883 
1.096330 
1.093695 
1.091070 
1.088565 
1.085422 
1.082490 
1.079825 
1.077206 
1.074863 
1.072666 
1.070279 
1.067707 
1.065247 
1.062791 
1.060341 
1.057939 
1.055837 
1.053569 
1.051329 
1.049145 
1.046955 
1.044613 
1.042520 
1.039574 
1.037699 
1.034808 
1.032389 
1.029590 
1.027322 
1.025149 
1.022869 
1.020636 
1.018133 
1.015658 
1.013489 
1.011246 
1.008923 
1.006776 
1.004529 
1.001790 
0.999415 
0.996976 
0.994412 
0.991585 
0.988905 
0.986204 
0.983943 
0.981296 
0.978848 
0.976266 
0.973629 
0.971126 
0.968761 
0.966391 
0.963984 
0.961320 
0.959027 
0.956486 
0.953829 
0.951314 
0.948845 
0.946086 
0.943571 
0.940692 
0.938175 
0.935807 
0.933112 
0.930600 
0.928411 
0.926035 
0.923305 
0.920367 
0.917778 
0.915612 
0.913587 
0.911030 
0.908644 
0.906298 
0.904018 
0.901469 
0.898951 
0.896291 
0.893792 
0.891226 
0.888735 
0.885975 
0.883235 
0.880754 
0.878552 
0.876277 
0.873658 
0.870979 
0.868280 
0.865562 
0.863201 
0.860992 
0.858860 
0.856597 
0.854186 
0.851550 
0.849101 
0.846320 
0.843836 
0.841110 
0.838816 
0.836369 
0.834140 
0.831596 
0.829226 
0.826984 
0.824776 
0.822340 
0.820406 
0.818074 
0.815960 
0.813483 
0.811083 
0.808878 
0.806755 
0.804640 
0.802596 
0.800080 
0.797931 
0.795557 
0.793197 
0.790598 
0.788056 
0.785805 
0.783509 
0.780623 
0.778200 
0.775575 
0.773198 
0.770925 
0.768440 
0.766053 
0.764155 
0.761795 
0.759212 
0.756585 
0.753910 
0.751214 
0.749003 
0.746222 
0.743961 
0.741620 
0.739271 
0.736603 
0.734139 
0.731987 
0.729710 
0.727211 
0.725296 
0.723433 
0.721122 
0.718994 
0.716542 
0.714215 
0.712028 
0.710132 
0.708120 
0.705870 
0.703587 
0.701445 
0.699122 
0.696677 
0.694464 
0.692331 
0.690500 
0.688518 
0.686438 
0.683863 
0.681540 
0.679094 
0.677004 
0.674799 
0.672368 
0.669917 
0.667748 
0.665584 
0.663416 
0.661077 
0.658733 
0.656627 
0.654363 
0.652115 
0.649888 
0.647763 
0.645407 
0.642780 
0.640475 
0.638171 
0.635895 
0.633617 
0.631697 
0.629590 
0.627557 
0.625371 
0.623398 
0.621126 
0.618918 
0.616743 
0.614438 
0.611908 
0.609832 
0.607898 
0.605838 
0.603580 
0.601132 
0.598916 
0.596529 
0.594163 
0.591981 
0.589585 
0.587174 
0.585185 
0.582880 
0.580657 
0.578472 
0.575979 
0.573646 
0.571483 
0.569166 
0.566937 
0.564850 
0.562682 
0.560169 
0.557724 
0.555545 
0.553353 
0.550745 
0.548306 
0.546069 
0.543769 
0.541667 
0.539322 
0.537134 
0.534993 
0.532603 
0.529562 
0.527295 
0.524872 
0.522728 
0.520436 
0.518212 
0.516310 
0.514363 
0.512104 
0.509718 
0.507351 
0.505538 
0.503557 
0.501758 
0.499792 
0.497783 
0.495902 
0.493916 
0.491972 
0.490177 
0.487993 
0.485652 
0.483832 
0.481605 
0.479276 
0.477457 
0.475460 
0.473409 
0.471350 
0.469497 
0.467415 
0.465465 
0.463507 
0.461474 
0.459080 
0.456838 
0.454440 
0.452399 
0.449979 
0.447812 
0.445625 
0.443416 
0.441106 
0.438877 
0.436672 
0.434558 
0.432619 
0.430705 
0.428661 
0.426719 
0.424959 
0.422962 
0.421104 
0.419197 
0.417104 
0.415099 
0.412659 
0.410599 
0.408263 
0.406069 
0.403796 
0.401649 
0.399696 
0.397412 
0.395011 
0.393213 
0.391324 
0.389511 
0.387412 
0.385361 
0.383289 
0.381023 
0.378763 
0.376917 
0.375021 
0.373031 
0.370972 
0.368923 
0.366962 
0.364955 
0.362833 
0.360842 
0.358864 
0.356532 
0.354307 
0.352222 
0.350087 
0.347992 
0.346023 
0.343941 
0.341769 
0.339650 
0.337632 
0.335554 
0.333403 
0.331182 
0.329146 
0.327165 
0.325143 
0.322880 
0.320861 
0.318649 
0.316814 
0.315274 
0.313451 
0.311465 
0.309769 
0.307747 
0.305590 
0.303341 
0.301290 
0.299143 
0.297083 
0.295223 
0.293257 
0.290924 
0.288562 
0.286535 
0.284578 
0.282491 
0.280340 
0.278393 
0.276446 
0.274292 
0.272236 
0.269918 
0.267684 
0.265808 
0.263865 
0.262028 
0.260185 
0.258009 
0.255751 
0.253958 
0.252099 
0.250267 
0.248450 
0.246537 
0.244640 
0.242804 
0.240594 
0.238592 
0.236476 
0.234973 
0.232994 
0.230971 
0.228842 
0.226599 
0.224586 
0.222709 
0.220719 
0.218691 
0.216732 
0.214882 
0.212717 
0.210874 
0.208720 
0.206629 
0.204612 
0.202923 
0.201094 
0.199597 
0.197543 
0.195697 
0.193606 
0.191512 
0.189516 
0.187256 
0.185047 
0.182861 
0.180361 
0.178418 
0.176314 
0.174568 
0.172540 
0.170446 
0.168599 
0.166387 
0.164465 
0.162578 
0.160199 
0.158104 
0.156087 
0.154240 
0.152119 
0.150370 
0.148248 
0.146170 
0.143854 
0.141649 
0.139566 
0.137328 
0.135242 
0.133036 
0.130916 
0.128608 
0.126553 
0.124640 
0.122932 
0.121086 
0.119051 
0.116880 
0.114790 
0.112840 
0.110978 
0.108837 
0.106835 
0.104952 
0.102301 
0.100396 
0.098032 
0.095877 
0.093639 
0.091575 
0.089418 
0.087288 
0.085033 
0.082833 
0.080888 
0.078858 
0.076896 
0.074834 
0.072491 
0.070206 
0.067950 
0.065756 
0.063664 
0.061638 
0.059283 
0.057007 
0.054759 
0.052370 
0.050057 
0.048062 
0.046011 
0.044038 
0.041783 
0.039926 
0.037794 
0.036104 
0.034401 
0.032706 
0.030885 
0.028970 
0.026910 
0.024861 
0.022716 
0.020491 
0.018596 
0.016884 
0.015138 
0.013079 
0.011138 
0.009240 
0.007221 
0.005418 
0.003689 
0.001837 
-0.000070 
-0.002082 
-0.004278 
-0.006184 
-0.008360 
-0.010161 
-0.012399 
-0.014433 
-0.016436 
-0.018435 
-0.020423 
-0.022540 
-0.024702 
-0.027008 
-0.029213 
-0.031222 
-0.033217 
-0.035515 
-0.037828 
-0.039586 
-0.041535 
-0.043598 
-0.045480 
-0.047359 
-0.049507 
-0.051556 
-0.054031 
-0.055977 
-0.058109 
-0.060202 
-0.062527 
-0.064945 
-0.067072 
-0.069007 
-0.070994 
-0.073256 
-0.075582 
-0.077806 
-0.079962 
-0.082160 
-0.084704 
-0.086890 
-0.089208 
-0.091413 
-0.093314 
-0.095249 
-0.097071 
-0.099137 
-0.100942 
-0.103059 
-0.105552 
-0.107659 
-0.109547 
-0.111966 
-0.114357 
-0.116789 
-0.118730 
-0.120755 
-0.123173 
-0.125356 
-0.127451 
-0.129728 
-0.132386 
-0.134476 
-0.136599 
-0.138503 
-0.140589 
-0.142801 
-0.144873 
-0.147062 
-0.149422 
-0.151755 
-0.153735 
-0.155460 
-0.157628 
-0.159716 
-0.161668 
-0.163593 
-0.165575 
-0.167699 
-0.169544 
-0.171350 
-0.173162 
-0.175113 
-0.177165 
-0.179098 
-0.181030 
-0.182839 
-0.184740 
-0.187212 
-0.189783 
-0.192055 
-0.194214 
-0.196284 
-0.198614 
-0.200907 
-0.202967 
-0.204680 
-0.206986 
-0.209138 
-0.211539 
-0.213826 
-0.216227 
-0.218621 
-0.220820 
-0.222755 
-0.224946 
-0.227097 
-0.229016 
-0.230934 
-0.233261 
-0.235584 
-0.237862 
-0.239911 
-0.241940 
-0.243924 
-0.246040 
-0.247862 
-0.249891 
-0.252100 
-0.254278 
-0.256499 
-0.258592 
-0.260585 
-0.262664 
-0.264846 
-0.267141 
-0.269172 
-0.271094 
-0.273066 
-0.274865 
-0.276852 
-0.278933 
-0.280954 
-0.282837 
-0.284861 
-0.286895 
-0.288996 
-0.291178 
-0.293071 
-0.295133 
-0.297252 
-0.299311 
-0.301247 
-0.303421 
-0.305662 
-0.307917 
-0.309605 
-0.311590 
-0.313589 
-0.315925 
-0.318172 
-0.320194 
-0.322150 
-0.324488 
-0.326561 
-0.328673 
-0.330898 
-0.333105 
-0.335009 
-0.336960 
-0.338879 
-0.340920 
-0.342673 
-0.344465 
-0.346418 
-0.348241 
-0.350159 
-0.352514 
-0.355037 
-0.357750 
-0.360065 
-0.362052 
-0.364014 
-0.366138 
-0.368087 
-0.370130 
-0.372081 
-0.374173 
-0.376152 
-0.377928 
-0.379904 
-0.382327 
-0.384587 
-0.386776 
-0.388841 
-0.391019 
-0.392865 
-0.395392 
-0.397237 
-0.399131 
-0.401451 
-0.403576 
-0.405927 
-0.408015 
-0.410073 
-0.412215 
-0.414734 
-0.417335 
-0.419491 
-0.421603 
-0.423639 
-0.425860 
-0.428078 
-0.430362 
-0.432277 
-0.434328 
-0.436458 
-0.438391 
-0.441015 
-0.443400 
-0.445426 
-0.447695 
-0.449575 
-0.451754 
-0.453912 
-0.456286 
-0.458350 
-0.460655 
-0.462851 
-0.465116 
-0.467391 
-0.469490 
-0.471936 
-0.474400 
-0.476440 
-0.478573 
-0.480575 
-0.482958 
-0.485054 
-0.487058 
-0.488869 
-0.490790 
-0.492913 
-0.494857 
-0.496525 
-0.498660 
-0.500729 
-0.502785 
-0.505312 
-0.508059 
-0.510163 
-0.512243 
-0.514723 
-0.517015 
-0.519139 
-0.521231 
-0.523221 
-0.525420 
-0.527647 
-0.530136 
-0.532390 
-0.534220 
-0.536420 
-0.538772 
-0.540934 
-0.543093 
-0.544926 
-0.546776 
-0.548729 
-0.550760 
-0.553054 
-0.555344 
-0.557810 
-0.560102 
-0.562364 
-0.564788 
-0.566905 
-0.568918 
-0.571001 
-0.573289 
-0.575281 
-0.578018 
-0.580522 
-0.583519 
-0.585937 
-0.588399 
-0.590347 
-0.592596 
-0.594834 
-0.596949 
-0.598871 
-0.600873 
-0.603175 
-0.605617 
-0.607908 
-0.610075 
-0.612248 
-0.614497 
-0.616817 
-0.619071 
-0.621218 
-0.623622 
-0.625832 
-0.627932 
-0.629993 
-0.632239 
-0.634613 
-0.637053 
-0.638941 
-0.640863 
-0.643049 
-0.644951 
-0.646930 
-0.648940 
-0.650906 
-0.653404 
-0.655644 
-0.657912 
-0.660380 
-0.662588 
-0.664960 
-0.667327 
-0.669788 
-0.672500 
-0.674958 
-0.677382 
-0.679454 
-0.681602 
-0.683686 
-0.685867 
-0.688390 
-0.690638 
-0.692689 
-0.695044 
-0.697115 
-0.699060 
-0.701176 
-0.703520 
-0.705664 
-0.708045 
-0.710224 
-0.712422 
-0.714489 
-0.716624 
-0.718663 
-0.720632 
-0.722668 
-0.724882 
-0.726946 
-0.729389 
-0.731744 
-0.733800 
-0.735729 
-0.737784 
-0.739704 
-0.742096 
-0.744451 
-0.746977 
-0.749321 
-0.751942 
-0.754349 
-0.756434 
-0.758636 
-0.761129 
-0.763263 
-0.765385 
-0.767780 
-0.770468 
-0.772626 
-0.774882 
-0.776759 
-0.778816 
-0.781052 
-0.783023 
-0.785063 
-0.787283 
-0.789453 
-0.791802 
-0.794040 
-0.796349 
-0.798691 
-0.801089 
-0.803272 
-0.805596 
-0.807876 
-0.810318 
-0.812412 
-0.814479 
-0.816701 
-0.819025 
-0.821278 
-0.823198 
-0.825416 
-0.827348 
-0.829445 
-0.832017 
-0.834319 
-0.836185 
-0.838000 
-0.840212 
-0.842294 
-0.844663 
-0.847140 
-0.849850 
-0.852133 
-0.854635 
-0.856898 
-0.859189 
-0.861634 
-0.863621 
-0.865675 
-0.868072 
-0.870265 
-0.872295 
-0.874586 
-0.877142 
-0.879502 
-0.881550 
-0.883628 
-0.885723 
-0.887902 
-0.890206 
-0.892444 
-0.894446 
-0.896471 
-0.898400 
-0.900388 
-0.903209 
-0.905418 
-0.907720 
-0.910110 
-0.912362 
-0.914790 
-0.917193 
-0.919627 
-0.922012 
-0.924525 
-0.926869 
-0.929373 
-0.931635 
-0.934013 
-0.936623 
-0.939047 
-0.941519 
-0.943814 
-0.945924 
-0.947957 
-0.950115 
-0.952201 
-0.954746 
-0.957209 
-1.106359 
-1.103562 
-1.101139 
-1.098526 
-1.095929 
-1.093470 
-1.090852 
-1.088105 
-1.085436 
-1.083010 
-1.080620 
-1.078334 
-1.075820 
-1.073659 
-1.070925 
-1.067983 
-1.030525 
-1.032531 
-1.034605 
-1.036345 
-1.038089 
-1.039937 
-1.042647 
-1.045148 
-1.047578 
-1.049582 
-1.051804 
-1.054432 
-1.065341 
-1.062589 
-1.057148 
-1.059865 
-1.011902 
-1.009826 
-1.007859 
-1.006457 
-1.004303 
-1.002471 
-1.000160 
-0.998158 
-1.021888 
-1.024152 
-1.026509 
-1.028623 
-1.015553 
-1.013844 
-1.017553 
-1.019568 
-0.996030 
-0.994150 
-0.992022 
-0.989816 
-0.987201 
-0.984633 
-0.981899 
-0.979828 
-0.959912 
-0.962364 
-0.965069 
-0.967922 
-0.977572 
-0.975115 
-0.972702 
-0.970358 
-4.101136 
-4.101133 
-4.047062 
-4.047059 
-4.003348 
-4.003345 
-3.909424 
-3.909421 
-3.874574 
-3.832298 
-3.818125 
-3.800691 
-3.778591 
-3.778588 
-3.744825 
-3.737584 
-3.635260 
-3.635257 
-3.601468 
-3.587856 
-3.571199 
-3.559569 
-3.541128 
-3.525771 
-3.464775 
-3.450624 
-3.438912 
-3.430454 
-3.413408 
-3.405800 
-3.376052 
-3.364690 
-3.354701 
-3.330993 
-3.322582 
-3.306461 
-3.292469 
-3.282361 
-3.271018 
-3.261025 
-3.226606 
-3.211615 
-3.196286 
-3.191813 
-3.183702 
-3.170195 
-3.161467 
-3.147263 
-3.135667 
-3.122338 
-3.113585 
-3.104161 
-3.086860 
-3.078088 
-3.065895 
-3.052680 
-3.038458 
-3.031791 
-3.024736 
-3.013976 
-2.999855 
-2.991946 
-2.982518 
-2.973446 
-2.956626 
-2.947241 
-2.939734 
-2.930455 
-2.918617 
-2.912005 
-2.902746 
-2.890987 
-2.880084 
-2.870404 
-2.860559 
-2.854234 
-2.846727 
-2.836419 
-2.828879 
-2.823127 
-2.816018 
-2.808476 
-2.800016 
-2.793149 
-2.787602 
-2.780515 
-2.773994 
-2.767431 
-2.760337 
-2.753777 
-2.745215 
-2.737523 
-2.726916 
-2.719253 
-2.710264 
-2.701455 
-2.691886 
-2.684859 
-2.675215 
-2.668726 
-2.660249 
-2.653217 
-2.644510 
-2.635388 
-2.628972 
-2.619907 
-2.611615 
-2.605088 
-2.596848 
-2.591329 
-2.583976 
-2.575020 
-2.564854 
-2.558696 
-2.552789 
-2.546221 
-2.538325 
-2.531303 
-2.523938 
-2.518902 
-2.512915 
-2.506002 
-2.499133 
-2.494507 
-2.490284 
-2.483549 
-2.476048 
-2.470192 
-2.462932 
-2.455599 
-2.449477 
-2.444428 
-2.438150 
-2.432509 
-2.428048 
-2.423024 
-2.416899 
-2.412468 
-2.406744 
-2.401993 
-2.396885 
-2.391669 
-2.386439 
-2.380749 
-2.374797 
-2.370307 
-2.365332 
-2.359872 
-2.354105 
-2.349494 
-2.343546 
-2.337194 
-2.328508 
-2.323027 
-2.318870 
-2.314564 
-2.309350 
-2.304100 
-2.299045 
-2.293614 
-2.289135 
-2.284194 
-2.279263 
-2.274832 
-2.269368 
-2.265172 
-2.259602 
-2.255845 
-2.250052 
-2.244982 
-2.239647 
-2.235629 
-2.230054 
-2.224807 
-2.219679 
-2.214711 
-2.209401 
-2.203141 
-2.196572 
-2.192430 
-2.186219 
-2.182158 
-2.177240 
-2.173150 
-2.168332 
-2.163825 
-2.158854 
-2.153814 
-2.150222 
-2.145748 
-2.142599 
-2.137691 
-2.132960 
-2.129243 
-2.125257 
-2.121270 
-2.116154 
-2.111084 
-2.105895 
-2.101645 
-2.096501 
-2.092995 
-2.087656 
-2.083151 
-2.079284 
-2.075049 
-2.070331 
-2.066305 
-2.061856 
-2.057397 
-2.053221 
-2.049315 
-2.045288 
-2.040460 
-2.035963 
-2.031923 
-2.028677 
-2.024524 
-2.020367 
-2.016232 
-2.011087 
-2.007124 
-2.002991 
-1.998634 
-1.994066 
-1.990356 
-1.987060 
-1.982860 
-1.977831 
-1.974330 
-1.970886 
-1.967707 
-1.964759 
-1.960909 
-1.956791 
-1.953462 
-1.949544 
-1.946393 
-1.943172 
-1.940426 
-1.936967 
-1.933670 
-1.929531 
-1.925868 
-1.921291 
-1.917346 
-1.912790 
-1.908924 
-1.904605 
-1.901148 
-1.898328 
-1.895559 
-1.892348 
-1.889405 
-1.885821 
-1.882630 
-1.878657 
-1.874549 
-1.871677 
-1.868028 
-1.864509 
-1.861231 
-1.857929 
-1.854459 
-1.850219 
-1.846662 
-1.843341 
-1.839349 
-1.835656 
-1.832862 
-1.829582 
-1.826817 
-1.822809 
-1.819100 
-1.816402 
-1.813417 
-1.809698 
-1.806477 
-1.802172 
-1.799178 
-1.795069 
-1.792070 
-1.789138 
-1.786260 
-1.783283 
-1.779016 
-1.774222 
-1.770645 
-1.766892 
-1.763431 
-1.759841 
-1.757184 
-1.754585 
-1.751563 
-1.748707 
-1.745520 
-1.741904 
-1.738610 
-1.735407 
-1.732605 
-1.728843 
-1.725605 
-1.721585 
-1.718288 
-1.714770 
-1.711592 
-1.709161 
-1.706604 
-1.702979 
-1.700307 
-1.697160 
-1.694168 
-1.690630 
-1.687504 
-1.684307 
-1.681141 
-1.677577 
-1.673688 
-1.670497 
-1.666970 
-1.662628 
-1.659117 
-1.655532 
-1.651810 
-1.648450 
-1.644698 
-1.641378 
-1.638309 
-1.635114 
-1.631621 
-1.627881 
-1.624658 
-1.621586 
-1.618465 
-1.615087 
-1.611512 
-1.606825 
-1.602374 
-1.597990 
-1.594691 
-1.591086 
-1.587889 
-1.584657 
-1.581322 
-1.577499 
-1.574106 
-1.570670 
-1.568145 
-1.564191 
-1.561362 
-1.557768 
-1.555233 
-1.552352 
-1.549230 
-1.545683 
-1.542629 
-1.539284 
-1.536141 
-1.533437 
-1.529522 
-1.526324 
-1.523064 
-1.519821 
-1.516935 
-1.514252 
-1.511158 
-1.507466 
-1.504652 
-1.502125 
-1.499443 
-1.496322 
-1.492428 
-1.488599 
-1.485243 
-1.481951 
-1.478970 
-1.475425 
-1.472611 
-1.469380 
-1.466581 
-1.463871 
-1.460678 
-1.457409 
-1.454093 
-1.451243 
-1.448561 
-1.445221 
-1.442303 
-1.439606 
-1.436737 
-1.433871 
-1.430887 
-1.427900 
-1.425697 
-1.422053 
-1.419309 
-1.416032 
-1.413029 
-1.410537 
-1.407391 
-1.404435 
-1.401935 
-1.398968 
-1.395984 
-1.393252 
-1.390310 
-1.387876 
-1.384899 
-1.381876 
-1.379361 
-1.376653 
-1.373752 
-1.371179 
-1.368140 
-1.365479 
-1.362598 
-1.360305 
-1.357511 
-1.354171 
-1.351114 
-1.348495 
-1.345521 
-1.342530 
-1.339279 
-1.336546 
-1.333837 
-1.331191 
-1.328646 
-1.325783 
-1.322842 
-1.319770 
-1.316829 
-1.314182 
-1.311258 
-1.308399 
-1.305570 
-1.302440 
-1.300455 
-1.298402 
-1.296108 
-1.293674 
-1.291082 
-1.288718 
-1.286159 
-1.283034 
-1.280739 
-1.278330 
-1.275520 
-1.272327 
-1.270012 
-1.267847 
-1.265265 
-1.262747 
-1.260044 
-1.257055 
-1.254223 
-1.251246 
-1.248470 
-1.246316 
-1.243539 
-1.240734 
-1.238332 
-1.236082 
-1.233693 
-1.231278 
-1.228637 
-1.225816 
-1.223327 
-1.220857 
-1.218164 
-1.215247 
-1.212741 
-1.210159 
-1.207500 
-1.204572 
-1.201729 
-1.199141 
-1.196603 
-1.194175 
-1.191492 
-1.188246 
-1.185896 
-1.183316 
-1.180610 
-1.177763 
-1.175030 
-1.172580 
-1.170389 
-1.167889 
-1.165327 
-1.162437 
-1.160216 
-1.158380 
-1.156227 
-1.153929 
-1.151153 
-1.148899 
-1.146473 
-1.143345 
-1.140725 
-1.137445 
-1.134694 
-1.132100 
-1.129800 
-1.127314 
-1.125061 
-1.122158 
-1.119514 
-1.116886 
-1.114348 
-1.111659 
-1.109155 
