4.362966 
3.874558 
3.621672 
3.459735 
3.286150 
3.174660 
3.079279 
2.985259 
2.907702 
2.824847 
2.768497 
2.716509 
2.658537 
2.601721 
2.552442 
2.505548 
2.457686 
2.409549 
2.367099 
2.326609 
2.288646 
2.255511 
2.219999 
2.182144 
2.143489 
2.108435 
2.076602 
2.041665 
2.009285 
1.978119 
1.947243 
1.916531 
1.886892 
1.859217 
1.831849 
1.801180 
1.773986 
1.750493 
1.724490 
1.698000 
1.670694 
1.642321 
1.614697 
1.588601 
1.561396 
1.537531 
1.513682 
1.491867 
1.468605 
1.445891 
1.425008 
1.404733 
1.384547 
1.364611 
1.345948 
1.326465 
1.305458 
1.284725 
1.263776 
1.243460 
1.223963 
1.202803 
1.182091 
1.161252 
1.140379 
1.119797 
1.099625 
1.079772 
1.059905 
1.040362 
1.021779 
1.003438 
0.982661 
0.962579 
0.941753 
0.920925 
0.900591 
0.881277 
0.861592 
0.843323 
0.824628 
0.805793 
0.787162 
0.767737 
0.748029 
0.729276 
0.710505 
0.693038 
0.675240 
0.657528 
0.639813 
0.621871 
0.604110 
0.585906 
0.568040 
0.549912 
0.531484 
0.514464 
0.497053 
0.480293 
0.464096 
0.447470 
0.430028 
0.413620 
0.396791 
0.379961 
0.363656 
0.347215 
0.330072 
0.313890 
0.297917 
0.281482 
0.265130 
0.249167 
0.233329 
0.217738 
0.201984 
0.186537 
0.170242 
0.153514 
0.136306 
0.120634 
0.104606 
0.087102 
0.069757 
0.052410 
0.035311 
0.019252 
0.003945 
-0.012190 
-0.028630 
-0.044653 
-0.060827 
-0.077137 
-0.094510 
-0.111094 
-0.128392 
-0.146038 
-0.163865 
-0.180147 
-0.197140 
-0.215194 
-0.231784 
-0.249338 
-0.266254 
-0.281910 
-0.297966 
-0.314209 
-0.330853 
-0.347592 
-0.364785 
-0.381548 
-0.398287 
-0.415655 
-0.433256 
-0.451083 
-0.468706 
-0.485561 
-0.501842 
-0.519676 
-0.537416 
-0.554197 
-0.572512 
-0.590916 
-0.608958 
-0.626937 
-0.643788 
-0.661394 
-0.680884 
-0.698907 
-0.716919 
-0.734461 
-0.751857 
-0.770148 
-0.787170 
-0.805040 
-0.822001 
-0.839507 
-0.858392 
-0.875788 
-0.893556 
-0.911498 
-0.930471 
-0.948665 
-1.097124 
-1.077510 
-1.039585 
-1.057917 
-1.004458 
-1.021419 
-0.986056 
-0.968017 
-4.015243 
-3.798099 
-3.573536 
-3.418554 
-3.295171 
-3.191298 
-3.084888 
-3.005456 
-2.931427 
-2.853292 
-2.788852 
-2.725580 
-2.661223 
-2.601367 
-2.542051 
-2.490663 
-2.442527 
-2.397741 
-2.358349 
-2.312807 
-2.270418 
-2.231376 
-2.190124 
-2.152606 
-2.117126 
-2.084522 
-2.051310 
-2.016542 
-1.985315 
-1.954270 
-1.924860 
-1.894254 
-1.865614 
-1.838731 
-1.811849 
-1.785761 
-1.757146 
-1.731591 
-1.705689 
-1.678770 
-1.650828 
-1.624241 
-1.595712 
-1.569270 
-1.542119 
-1.514770 
-1.490557 
-1.466021 
-1.441102 
-1.417105 
-1.394893 
-1.372255 
-1.349513 
-1.327475 
-1.305130 
-1.283811 
-1.263928 
-1.242154 
-1.222276 
-1.200734 
-1.179746 
-1.159664 
-1.138460 
-1.118350 
