4.641906 
4.223496 
3.897626 
3.759217 
3.651383 
3.597904 
3.513111 
3.418220 
3.326766 
3.253656 
3.199275 
3.140076 
3.097028 
3.058365 
3.004849 
2.964690 
2.926090 
2.890414 
2.849334 
2.814198 
2.780665 
2.756330 
2.728671 
2.700350 
2.669095 
2.638461 
2.614784 
2.589599 
2.568972 
2.543823 
2.518229 
2.492843 
2.471026 
2.443370 
2.422547 
2.399858 
2.380157 
2.360797 
2.338968 
2.317398 
2.297684 
2.280253 
2.263478 
2.248033 
2.228615 
2.211123 
2.191767 
2.171826 
2.152720 
2.135050 
2.116817 
2.099505 
2.084702 
2.068875 
2.050015 
2.033671 
2.017409 
2.000587 
1.984766 
1.970180 
1.953585 
1.939254 
1.923683 
1.909688 
1.895317 
1.879706 
1.866656 
1.854194 
1.839608 
1.824249 
1.808825 
1.794628 
1.780638 
1.768119 
1.755807 
1.742577 
1.730005 
1.717730 
1.703489 
1.690093 
1.677361 
1.663927 
1.649200 
1.635642 
1.621331 
1.608371 
1.595241 
1.580826 
1.567646 
1.555461 
1.543206 
1.531480 
1.519676 
1.508376 
1.497178 
1.485875 
1.474632 
1.462552 
1.451264 
1.441027 
1.430386 
1.419666 
1.409833 
1.399900 
1.389322 
1.379136 
1.369040 
1.359681 
1.350637 
1.341160 
1.330591 
1.320783 
1.309909 
1.299808 
1.288532 
1.277903 
1.267411 
1.258135 
1.248008 
1.238271 
1.228300 
1.219237 
1.208195 
1.198159 
1.187252 
1.177274 
1.166693 
1.156268 
1.145740 
1.135605 
1.124803 
1.114989 
1.104644 
1.094712 
1.084888 
1.073886 
1.064158 
1.055379 
1.045853 
1.036123 
1.026273 
1.016930 
1.008276 
0.998202 
0.987907 
0.977481 
0.967427 
0.957151 
0.947360 
0.936925 
0.926944 
0.916200 
0.906191 
0.896078 
0.886574 
0.876964 
0.866838 
0.857781 
0.848148 
0.838632 
0.828415 
0.819550 
0.810078 
0.801002 
0.792037 
0.782200 
0.772405 
0.762911 
0.752773 
0.743079 
0.733945 
0.724622 
0.715430 
0.706624 
0.697989 
0.688968 
0.679646 
0.670510 
0.662290 
0.653535 
0.644198 
0.635433 
0.626100 
0.617297 
0.609078 
0.600228 
0.590479 
0.581635 
0.572667 
0.563706 
0.554636 
0.545591 
0.536078 
0.526454 
0.517519 
0.509078 
0.500504 
0.492316 
0.484046 
0.476330 
0.468701 
0.460408 
0.451695 
0.443270 
0.434138 
0.425805 
0.417804 
0.409342 
0.400477 
0.391941 
0.384245 
0.375644 
0.367780 
0.359652 
0.351300 
0.343389 
0.334463 
0.326052 
0.317732 
0.309807 
0.302107 
0.293698 
0.285657 
0.277617 
0.268959 
0.261048 
0.253344 
0.245560 
0.237328 
0.229718 
0.221569 
0.213857 
0.205703 
0.198191 
0.190601 
0.182011 
0.174156 
0.165776 
0.157475 
0.149341 
0.140712 
0.132361 
0.123750 
0.115849 
0.107708 
0.099619 
0.090570 
0.082337 
0.073836 
0.065136 
0.056202 
0.047744 
0.039066 
0.031108 
0.023397 
0.015885 
0.008274 
0.001028 
-0.007260 
-0.015649 
-0.023950 
-0.032271 
-0.040455 
-0.048715 
-0.056977 
-0.066032 
-0.074365 
-0.083287 
-0.092451 
-0.100409 
-0.108655 
-0.117520 
-0.126411 
-0.135260 
-0.143914 
-0.152288 
-0.160794 
-0.168328 
-0.176214 
-0.183959 
-0.192999 
-0.201851 
-0.210717 
-0.219703 
-0.228107 
-0.236671 
-0.245569 
-0.253931 
-0.261897 
-0.270249 
-0.277831 
-0.285925 
-0.293974 
-0.302486 
-0.310676 
-0.319154 
-0.327644 
-0.335808 
-0.343894 
-0.351933 
-0.360831 
-0.368943 
-0.376807 
-0.385334 
-0.394327 
-0.402562 
-0.411435 
-0.420381 
-0.428582 
-0.437397 
-0.446751 
-0.455227 
-0.463847 
-0.473169 
-0.481747 
-0.489665 
-0.497568 
-0.506479 
-0.515637 
-0.524211 
-0.533080 
-0.541796 
-0.549997 
-0.558529 
-0.568066 
-0.577616 
-0.586596 
-0.595568 
-0.603942 
-0.613110 
-0.622579 
-0.630975 
-0.639991 
-0.648046 
-0.656646 
-0.665650 
-0.676171 
-0.685248 
-0.693849 
-0.702289 
-0.711233 
-0.719451 
-0.727499 
-0.736297 
-0.745595 
-0.755072 
-0.764526 
-0.773837 
-0.782022 
-0.790527 
-0.799946 
-0.808765 
-0.817730 
-0.826572 
-0.835227 
-0.843730 
-0.853127 
-0.862266 
-0.871284 
-0.880727 
-0.889127 
-0.897268 
-0.906569 
-0.916424 
-0.925825 
-0.935263 
-0.944712 
-0.953340 
-1.102545 
-1.092136 
-1.081725 
-1.072076 
-1.034029 
-1.042263 
-1.051385 
-1.061831 
-1.009220 
-1.000466 
-1.025770 
-1.017271 
-0.991621 
-0.982099 
-0.963074 
-0.972715 
-4.074099 
-3.956386 
-3.831422 
-3.753667 
-3.600294 
-3.550601 
-3.449908 
-3.387200 
-3.328052 
-3.277236 
-3.207778 
-3.168393 
-3.120225 
-3.065646 
-3.026460 
-2.988454 
-2.943943 
-2.905611 
-2.864400 
-2.830916 
-2.807407 
-2.777844 
-2.750010 
-2.713904 
-2.680191 
-2.650082 
-2.616025 
-2.587066 
-2.555790 
-2.532120 
-2.504484 
-2.481930 
-2.452579 
-2.430017 
-2.409223 
-2.389719 
-2.368199 
-2.344891 
-2.321429 
-2.303173 
-2.282817 
-2.263365 
-2.242348 
-2.222504 
-2.199163 
-2.179930 
-2.161427 
-2.144017 
-2.127386 
-2.108331 
-2.089878 
-2.072544 
-2.055283 
-2.039016 
-2.022589 
-2.005639 
-1.989302 
-1.973951 
-1.958826 
-1.943192 
-1.929992 
-1.915105 
-1.899659 
-1.887132 
-1.872419 
-1.858809 
-1.844970 
-1.830783 
-1.817257 
-1.804658 
-1.791135 
-1.778525 
-1.763023 
-1.750266 
-1.736791 
-1.724496 
-1.711385 
-1.698119 
-1.685759 
-1.672087 
-1.657265 
-1.643451 
-1.629884 
-1.616003 
-1.601720 
-1.587490 
-1.573718 
-1.560177 
-1.547361 
-1.534412 
-1.521429 
-1.509383 
-1.497419 
-1.484574 
-1.471603 
-1.460038 
-1.447097 
-1.434825 
-1.423591 
-1.411731 
-1.400824 
-1.389390 
-1.377734 
-1.366501 
-1.355343 
-1.344423 
-1.332923 
-1.322138 
-1.310608 
-1.299926 
-1.289865 
-1.279489 
-1.269087 
-1.258765 
-1.247313 
-1.237133 
-1.227213 
-1.216924 
-1.206008 
-1.195158 
-1.184782 
-1.174572 
-1.165174 
-1.155758 
-1.144524 
-1.133773 
-1.123889 
-1.113315 
