3.655502 
3.105505 
2.797051 
2.579560 
2.387804 
2.230554 
2.090854 
1.966950 
1.848346 
1.736477 
1.630876 
1.532790 
1.439109 
1.352711 
1.270598 
1.190377 
1.109827 
1.033359 
0.952357 
0.874432 
0.798071 
0.722933 
0.649290 
0.576191 
0.506416 
0.438586 
0.371059 
0.306318 
0.242020 
0.177734 
0.112384 
0.046556 
-0.020467 
-0.087616 
-0.155701 
-0.222771 
-0.290366 
-0.357165 
-0.424195 
-0.493036 
-0.563300 
-0.635309 
-0.707539 
-0.778341 
-0.849022 
-0.922060 
-1.070811 
-0.996295 
-3.650721 
-3.121847 
-2.809011 
-2.563304 
-2.372522 
-2.213072 
-2.068557 
-1.940002 
-1.824706 
-1.714427 
-1.610072 
-1.505717 
-1.408568 
-1.318552 
-1.231529 
-1.148246 
